9999
9999
9995
9992
9989
9987
9986
9985
9984
9983
9981
9980
9972
9972
9971
9970
9969
9967
9967
9967
9965
9961
9956
9954
9950
9950
9949
9947
9946
9940
9939
9938
9938
9936
9936
9933
9931
9930
9929
9927
9926
9926
9924
9924
9924
9921
9916
9915
9913
9909
9908
9905
9902
9898
9897
9895
9894
9888
9888
9886
9885
9885
9881
9880
9878
9877
9877
9875
9872
9872
9871
9869
9868
9866
9866
9860
9860
9856
9854
9852
9850
9844
9840
9840
9833
9833
9833
9832
9829
9827
9817
9814
9813
9809
9808
9807
9805
9804
9801
9785
9784
9782
9780
9779
9774
9772
9772
9772
9767
9760
9758
9756
9756
9756
9754
9746
9746
9744
9744
9743
9738
9734
9732
9730
9730
9730
9724
9719
9718
9716
9715
9715
9715
9715
9711
9708
9701
9698
9698
9697
9695
9695
9694
9687
9683
9680
9676
9675
9674
9674
9671
9668
9665
9664
9663
9657
9656
9655
9655
9654
9652
9652
9650
9646
9645
9643
9643
9639
9638
9631
9631
9624
9623
9615
9615
9613
9609
9604
9601
9594
9594
9593
9583
9581
9576
9573
9572
9572
9565
9562
9561
9560
9557
9555
9554
9554
9553
9550
9548
9545
9544
9544
9542
9540
9540
9537
9537
9529
9526
9525
9524
9518
9505
9502
9497
9496
9484
9483
9482
9480
9479
9475
9475
9473
9470
9470
9469
9464
9460
9458
9458
9456
9456
9454
9453
9450
9448
9446
9444
9443
9440
9440
9440
9436
9434
9428
9428
9412
9411
9411
9407
9405
9401
9400
9397
9396
9392
9390
9390
9389
9389
9385
9380
9379
9378
9375
9371
9369
9369
9369
9368
9367
9359
9356
9354
9351
9347
9345
9345
9343
9338
9334
9333
9328
9328
9328
9327
9327
9324
9323
9318
9318
9313
9313
9311
9308
9306
9305
9303
9302
9300
9299
9298
9298
9295
9294
9291
9290
9286
9285
9281
9281
9277
9275
9274
9272
9271
9269
9263
9261
9259
9259
9257
9256
9256
9253
9250
9249
9246
9245
9245
9241
9239
9238
9228
9227
9225
9219
9216
9216
9212
9212
9199
9198
9198
9197
9194
9194
9193
9192
9192
9190
9185
9185
9185
9185
9184
9181
9179
9179
9174
9174
9174
9174
9173
9172
9171
9166
9163
9163
9161
9160
9159
9159
9158
9157
9155
9154
9148
9147
9146
9146
9145
9144
9138
9136
9135
9134
9128
9128
9127
9124
9124
9123
9121
9119
9118
9117
9116
9113
9113
9111
9109
9107
9107
9106
9102
9102
9097
9094
9092
9091
9091
9084
9083
9082
9082
9074
9073
9070
9069
9068
9063
9063
9059
9052
9051
9047
9047
9041
9039
9037
9036
9031
9024
9024
9024
9022
9021
9017
9017
9014
9006
9005
9003
9002
9001
8997
8996
8993
8986
8982
8981
8980
8978
8978
8975
8972
8970
8970
8969
8968
8967
8967
8966
8964
8962
8952
8940
8939
8938
8936
8933
8932
8928
8926
8924
8923
8918
8917
8913
8906
8906
8905
8903
8902
8901
8899
8897
8897
8893
8892
8890
8886
8885
8883
8883
8882
8880
8878
8872
8872
8870
8870
8870
8869
8868
8867
8866
8864
8861
8860
8853
8851
8844
8843
8842
8838
8837
8832
8826
8826
8824
8821
8821
8815
8813
8813
8811
8810
8809
8809
8807
8805
8801
8800
8799
8798
8798
8791
8790
8788
8787
8787
8784
8780
8776
8774
8773
8771
8768
8767
8764
8763
8762
8760
8758
8755
8755
8754
8753
8750
8750
8748
8742
8741
8740
8739
8738
8735
8732
8732
8732
8732
8731
8728
8727
8727
8727
8721
8720
8718
8713
8712
8711
8708
8707
8704
8704
8703
8700
8700
8693
8689
8688
8687
8687
8687
8686
8683
8682
8679
8678
8677
8676
8676
8673
8671
8671
8669
8667
8663
8661
8661
8659
8659
8657
8654
8652
8651
8649
8649
8644
8644
8641
8641
8640
8639
8633
8631
8626
8625
8624
8621
8621
8620
8616
8616
8616
8615
8613
8613
8603
8602
8602
8599
8599
8598
8598
8598
8595
8591
8590
8590
8584
8582
8579
8579
8577
8575
8574
8574
8573
8573
8572
8569
8569
8562
8561
8560
8559
8557
8554
8550
8544
8544
8542
8538
8529
8529
8526
8524
8523
8512
8510
8508
8503
8501
8500
8500
8500
8497
8496
8495
8480
8473
8473
8471
8465
8462
8461
8454
8446
8446
8445
8442
8437
8430
8429
8429
8427
8426
8425
8423
8422
8422
8422
8421
8421
8419
8417
8414
8412
8411
8407
8406
8397
8396
8395
8389
8389
8389
8387
8383
8381
8381
8380
8376
8373
8369
8369
8363
8362
8362
8361
8360
8355
8354
8353
8350
8348
8346
8343
8339
8339
8338
8337
8337
8335
8333
8333
8332
8327
8327
8326
8325
8324
8321
8321
8318
8312
8308
8304
8303
8295
8295
8294
8293
8293
8292
8291
8290
8284
8284
8283
8281
8280
8279
8277
8276
8275
8275
8273
8271
8270
8270
8270
8268
8265
8264
8263
8262
8260
8256
8252
8248
8246
8245
8245
8237
8237
8225
8222
8220
8218
8214
8213
8208
8208
8202
8196
8193
8188
8188
8184
8179
8178
8177
8175
8175
8173
8173
8165
8163
8159
8159
8159
8158
8155
8152
8150
8150
8149
8149
8148
8147
8146
8141
8139
8138
8134
8133
8129
8126
8125
8124
8123
8122
8120
8118
8116
8115
8112
8112
8112
8111
8106
8092
8091
8090
8088
8085
8081
8078
8075
8075
8075
8074
8069
8066
8062
8059
8055
8055
8054
8052
8044
8038
8037
8032
8032
8027
8026
8025
8025
8025
8023
8022
8022
8022
8021
8020
8018
8014
8013
8010
8009
8007
8006
8005
8003
8000
7998
7996
7996
7995
7992
7991
7990
7989
7988
7988
7982
7981
7978
7974
7968
7964
7963
7960
7958
7956
7952
7950
7950
7945
7945
7941
7940
7938
7937
7929
7926
7920
7917
7912
7912
7912
7911
7911
7909
7908
7907
7907
7905
7903
7895
7893
7893
7893
7889
7889
7888
7885
7885
7880
7880
7877
7877
7875
7875
7875
7874
7873
7871
7867
7865
7864
7862
7858
7856
7852
7850
7849
7849
7847
7846
7844
7836
7835
7830
7830
7829
7828
7827
7827
7824
7823
7818
7815
7814
7814
7800
7800
7799
7799
7797
7797
7797
7797
7794
7793
7793
7791
7790
7788
7786
7781
7781
7780
7779
7779
7777
7776
7775
7773
7772
7770
7764
7761
7759
7758
7756
7755
7748
7748
7746
7745
7740
7735
7734
7732
7731
7728
7724
7722
7720
7720
7720
7720
7719
7718
7713
7710
7709
7709
7708
7707
7704
7703
7697
7695
7692
7689
7688
7687
7687
7687
7686
7684
7682
7677
7675
7674
7671
7663
7660
7659
7653
7649
7648
7645
7640
7637
7635
7634
7628
7627
7624
7621
7617
7616
7614
7612
7611
7610
7601
7601
7600
7599
7588
7587
7575
7575
7573
7573
7571
7563
7561
7559
7549
7542
7541
7540
7540
7534
7533
7531
7522
7522
7522
7521
7520
7517
7511
7509
7508
7504
7503
7499
7498
7497
7496
7494
7494
7494
7492
7490
7490
7487
7484
7478
7478
7473
7472
7469
7468
7467
7466
7464
7464
7451
7448
7444
7442
7438
7436
7428
7427
7426
7420
7419
7417
7416
7413
7413
7412
7408
7408
7401
7396
7394
7392
7387
7385
7382
7380
7380
7379
7373
7368
7365
7359
7359
7357
7355
7353
7352
7352
7352
7347
7345
7344
7341
7332
7329
7328
7328
7327
7327
7324
7323
7319
7318
7316
7310
7309
7307
7303
7303
7301
7299
7296
7288
7286
7281
7280
7279
7277
7273
7266
7261
7258
7256
7254
7253
7253
7250
7250
7246
7246
7241
7239
7235
7234
7232
7230
7230
7228
7221
7220
7213
7212
7211
7203
7202
7201
7198
7198
7195
7195
7194
7192
7192
7190
7189
7188
7187
7183
7179
7176
7174
7172
7171
7166
7165
7164
7164
7164
7155
7154
7154
7154
7153
7152
7152
7147
7140
7139
7134
7134
7128
7127
7127
7127
7127
7121
7121
7120
7117
7109
7108
7105
7095
7094
7093
7092
7089
7088
7088
7083
7082
7079
7074
7074
7074
7070
7069
7069
7069
7065
7065
7059
7058
7057
7054
7053
7049
7043
7038
7037
7037
7033
7026
7026
7023
7023
7022
7020
7019
7015
7012
7006
7003
7003
7001
7000
6999
6990
6988
6986
6985
6984
6984
6984
6983
6982
6979
6973
6972
6969
6969
6969
6968
6962
6961
6961
6959
6955
6954
6953
6952
6949
6949
6947
6947
6947
6946
6946
6940
6940
6932
6932
6931
6928
6924
6922
6921
6920
6919
6919
6919
6917
6914
6913
6911
6901
6897
6894
6894
6893
6884
6884
6883
6879
6878
6877
6871
6866
6862
6861
6855
6851
6847
6841
6838
6838
6837
6833
6831
6824
6823
6818
6817
6812
6811
6811
6807
6807
6806
6805
6802
6800
6798
6797
6792
6791
6790
6788
6786
6771
6769
6768
6768
6762
6761
6760
6758
6751
6749
6747
6747
6746
6745
6744
6740
6738
6738
6733
6730
6726
6726
6725
6725
6725
6724
6722
6718
6718
6717
6712
6712
6711
6711
6708
6707
6706
6705
6703
6702
6701
6701
6699
6696
6695
6695
6689
6687
6686
6685
6683
6682
6678
6677
6675
6675
6674
6674
6672
6672
6672
6672
6668
6663
6662
6662
6661
6661
6660
6660
6660
6658
6657
6657
6649
6644
6644
6639
6638
6627
6622
6618
6618
6614
6614
6612
6612
6612
6612
6611
6606
6598
6595
6595
6593
6591
6590
6589
6582
6582
6580
6567
6567
6567
6564
6563
6562
6562
6562
6560
6560
6559
6559
6559
6558
6558
6553
6549
6544
6534
6529
6527
6525
6520
6520
6519
6517
6516
6513
6512
6512
6511
6500
6498
6496
6494
6492
6486
6486
6483
6479
6472
6465
6462
6462
6461
6459
6457
6456
6455
6450
6448
6442
6441
6436
6436
6433
6433
6432
6431
6428
6428
6424
6424
6424
6420
6417
6416
6414
6414
6414
6411
6408
6408
6406
6405
6404
6401
6398
6391
6390
6389
6389
6388
6379
6376
6374
6373
6372
6371
6370
6368
6359
6359
6356
6355
6354
6353
6346
6346
6345
6341
6338
6338
6333
6333
6331
6331
6326
6325
6319
6318
6317
6317
6312
6308
6306
6305
6304
6302
6294
6293
6290
6288
6287
6283
6279
6273
6271
6270
6270
6268
6268
6268
6268
6267
6266
6266
6265
6265
6264
6264
6263
6258
6258
6258
6249
6244
6243
6240
6238
6238
6237
6233
6230
6227
6227
6226
6225
6221
6214
6212
6205
6205
6205
6204
6204
6201
6201
6198
6198
6198
6197
6196
6192
6191
6190
6190
6186
6184
6183
6179
6179
6176
6175
6174
6171
6171
6168
6167
6165
6164
6163
6160
6159
6153
6153
6153
6153
6151
6149
6148
6146
6146
6144
6142
6142
6141
6135
6135
6133
6132
6129
6123
6116
6115
6114
6113
6112
6108
6105
6102
6097
6096
6095
6095
6092
6092
6092
6090
6090
6085
6082
6081
6072
6069
6068
6064
6060
6060
6059
6046
6044
6044
6040
6035
6032
6031
6030
6028
6027
6025
6024
6022
6021
6020
6019
6018
6017
6017
6016
6010
6007
6007
6005
6004
5999
5999
5994
5994
5989
5988
5987
5987
5982
5977
5977
5972
5971
5971
5964
5963
5962
5958
5956
5956
5956
5955
5954
5953
5953
5951
5950
5948
5936
5934
5927
5926
5914
5912
5906
5906
5906
5902
5900
5898
5896
5894
5892
5890
5890
5882
5871
5870
5868
5867
5865
5865
5862
5861
5859
5858
5858
5858
5857
5854
5850
5846
5843
5840
5839
5839
5838
5837
5836
5834
5831
5826
5826
5821
5818
5817
5816
5812
5811
5811
5810
5806
5802
5799
5799
5798
5798
5797
5797
5795
5794
5793
5793
5793
5791
5790
5787
5784
5783
5782
5778
5777
5775
5771
5769
5768
5757
5756
5754
5754
5751
5751
5745
5744
5744
5744
5744
5743
5742
5742
5738
5737
5737
5734
5729
5725
5723
5721
5719
5716
5716
5714
5712
5712
5712
5710
5710
5709
5708
5704
5701
5699
5698
5697
5697
5693
5693
5689
5688
5684
5681
5681
5680
5679
5676
5676
5673
5667
5665
5662
5660
5659
5657
5656
5649
5645
5645
5643
5642
5638
5635
5633
5632
5631
5631
5630
5626
5624
5618
5612
5609
5604
5603
5602
5602
5601
5600
5599
5599
5596
5594
5586
5585
5581
5580
5579
5578
5575
5574
5573
5568
5568
5566
5565
5565
5561
5559
5558
5556
5550
5550
5550
5543
5543
5543
5535
5531
5531
5530
5530
5530
5525
5521
5519
5514
5513
5512
5510
5508
5507
5506
5505
5503
5496
5493
5491
5491
5490
5489
5489
5488
5487
5485
5485
5484
5484
5478
5477
5477
5475
5475
5472
5471
5470
5468
5466
5465
5458
5454
5452
5451
5449
5448
5445
5444
5441
5437
5436
5434
5432
5430
5428
5426
5422
5419
5417
5417
5416
5414
5413
5412
5411
5408
5407
5403
5402
5399
5397
5389
5387
5387
5385
5384
5384
5382
5380
5379
5378
5378
5374
5374
5374
5371
5371
5371
5369
5368
5367
5366
5364
5363
5362
5362
5361
5360
5359
5357
5354
5354
5346
5344
5336
5336
5332
5332
5331
5331
5331
5328
5328
5315
5312
5309
5309
5308
5305
5303
5303
5302
5300
5292
5288
5288
5286
5285
5283
5281
5278
5276
5269
5269
5268
5268
5266
5266
5266
5265
5262
5261
5258
5257
5256
5254
5251
5250
5250
5241
5237
5237
5233
5227
5225
5223
5222
5219
5219
5217
5215
5215
5214
5212
5208
5196
5193
5191
5190
5187
5187
5180
5179
5175
5168
5165
5159
5158
5157
5157
5156
5156
5154
5154
5153
5146
5143
5142
5142
5142
5136
5134
5132
5130
5127
5121
5120
5118
5118
5117
5117
5116
5113
5112
5111
5110
5110
5109
5107
5106
5103
5103
5102
5101
5101
5101
5098
5098
5092
5090
5089
5075
5073
5071
5071
5068
5067
5066
5066
5064
5062
5062
5062
5059
5056
5053
5052
5047
5046
5046
5045
5043
5039
5033
5033
5031
5029
5027
5026
5026
5026
5025
5023
5021
5016
5016
5016
5016
5014
5013
5012
5007
5005
5005
5002
4998
4998
4994
4992
4988
4982
4982
4978
4977
4976
4976
4976
4975
4973
4972
4969
4968
4968
4967
4966
4966
4966
4962
4962
4959
4956
4954
4954
4949
4945
4944
4940
4936
4936
4935
4928
4927
4926
4925
4925
4921
4919
4918
4914
4914
4907
4901
4900
4897
4891
4890
4890
4887
4887
4886
4884
4881
4880
4876
4874
4873
4872
4872
4870
4866
4863
4858
4857
4857
4856
4855
4854
4851
4849
4847
4844
4840
4838
4838
4834
4831
4830
4824
4824
4823
4822
4812
4804
4804
4802
4795
4791
4790
4788
4787
4784
4782
4780
4779
4779
4776
4776
4775
4771
4769
4764
4763
4763
4761
4758
4750
4748
4747
4741
4739
4737
4736
4733
4731
4729
4726
4726
4723
4713
4713
4712
4712
4709
4704
4701
4701
4700
4696
4693
4693
4692
4690
4690
4689
4688
4685
4677
4677
4676
4672
4671
4670
4669
4669
4667
4665
4664
4664
4663
4659
4646
4644
4642
4638
4636
4635
4635
4632
4631
4629
4626
4626
4624
4624
4623
4620
4620
4617
4615
4614
4614
4613
4612
4612
4612
4611
4610
4606
4605
4605
4604
4601
4595
4589
4586
4586
4585
4585
4583
4582
4580
4580
4580
4580
4572
4570
4568
4566
4566
4565
4562
4562
4559
4557
4553
4552
4551
4548
4546
4546
4544
4542
4542
4541
4541
4537
4537
4534
4532
4531
4530
4530
4528
4526
4525
4525
4522
4520
4520
4516
4515
4513
4512
4512
4510
4509
4509
4507
4506
4505
4503
4499
4499
4497
4496
4494
4493
4493
4491
4491
4490
4490
4489
4487
4485
4483
4483
4482
4475
4472
4471
4468
4467
4467
4466
4464
4463
4460
4460
4459
4458
4457
4455
4455
4452
4451
4446
4445
4439
4439
4438
4437
4432
4428
4428
4426
4426
4426
4423
4420
4411
4403
4400
4397
4397
4397
4396
4394
4391
4389
4380
4372
4369
4368
4360
4358
4356
4354
4354
4350
4347
4346
4346
4336
4334
4331
4331
4329
4329
4326
4324
4324
4321
4319
4318
4315
4314
4311
4306
4306
4305
4303
4300
4300
4298
4297
4295
4291
4290
4290
4287
4284
4279
4277
4277
4272
4271
4271
4265
4265
4264
4262
4261
4258
4257
4245
4244
4244
4243
4237
4236
4236
4234
4229
4228
4226
4221
4218
4216
4216
4215
4214
4207
4207
4206
4204
4203
4196
4194
4191
4191
4189
4188
4181
4180
4176
4176
4175
4174
4172
4172
4170
4168
4168
4164
4164
4164
4162
4160
4160
4158
4158
4157
4156
4156
4153
4149
4149
4147
4147
4142
4137
4137
4135
4131
4130
4128
4126
4125
4124
4124
4123
4123
4121
4119
4117
4115
4109
4109
4103
4102
4101
4100
4098
4096
4096
4090
4084
4082
4082
4077
4076
4076
4074
4073
4073
4072
4072
4071
4070
4070
4069
4066
4065
4064
4063
4062
4059
4059
4057
4056
4056
4056
4055
4054
4051
4051
4049
4048
4048
4045
4042
4041
4041
4040
4038
4031
4029
4023
4023
4019
4019
4018
4017
4017
4016
4012
4009
4004
4003
4002
4000
4000
3998
3997
3990
3990
3989
3988
3986
3985
3984
3981
3981
3975
3974
3970
3965
3964
3961
3961
3961
3959
3954
3953
3950
3950
3949
3945
3943
3940
3937
3936
3935
3932
3932
3931
3930
3929
3929
3927
3925
3921
3920
3920
3916
3915
3909
3909
3908
3907
3906
3904
3899
3899
3898
3897
3895
3894
3894
3891
3890
3890
3889
3887
3886
3886
3885
3885
3869
3867
3862
3861
3860
3856
3856
3855
3855
3854
3850
3850
3849
3849
3848
3846
3844
3841
3839
3835
3827
3827
3820
3819
3818
3815
3812
3810
3807
3806
3806
3806
3798
3797
3797
3796
3795
3793
3791
3791
3791
3788
3788
3787
3785
3784
3783
3782
3782
3779
3772
3772
3771
3766
3765
3761
3758
3757
3756
3755
3752
3747
3746
3743
3741
3737
3736
3736
3735
3730
3727
3727
3726
3725
3724
3723
3722
3721
3718
3711
3711
3708
3706
3706
3704
3703
3699
3697
3696
3688
3680
3679
3677
3677
3675
3675
3673
3673
3667
3667
3666
3664
3663
3660
3655
3654
3654
3653
3646
3641
3640
3638
3635
3634
3633
3630
3625
3618
3617
3617
3613
3612
3611
3610
3608
3605
3604
3603
3601
3600
3599
3597
3596
3594
3593
3592
3590
3588
3588
3585
3585
3584
3578
3574
3574
3573
3572
3570
3569
3566
3564
3559
3559
3558
3556
3551
3550
3548
3547
3542
3541
3540
3538
3536
3530
3527
3522
3519
3518
3515
3512
3507
3505
3504
3499
3495
3493
3492
3492
3489
3477
3475
3471
3470
3469
3466
3465
3465
3464
3462
3462
3459
3457
3456
3453
3448
3445
3439
3438
3434
3434
3424
3422
3422
3419
3418
3413
3411
3410
3409
3407
3401
3401
3395
3390
3389
3381
3380
3378
3374
3373
3368
3368
3365
3364
3364
3361
3360
3359
3356
3353
3353
3348
3348
3343
3339
3338
3332
3329
3329
3327
3326
3326
3324
3321
3321
3320
3318
3311
3309
3300
3300
3299
3296
3295
3292
3291
3290
3289
3287
3287
3284
3283
3281
3280
3277
3275
3274
3273
3271
3270
3266
3265
3265
3262
3261
3260
3256
3249
3248
3247
3244
3241
3235
3230
3229
3227
3225
3224
3219
3213
3212
3210
3209
3206
3203
3201
3201
3200
3176
3175
3174
3171
3170
3163
3161
3160
3159
3157
3155
3154
3149
3148
3148
3147
3139
3138
3137
3131
3129
3126
3122
3122
3121
3112
3112
3110
3109
3107
3105
3105
3095
3094
3092
3092
3092
3088
3087
3085
3074
3066
3063
3063
3059
3049
3046
3045
3044
3040
3039
3037
3035
3030
3027
3026
3018
3016
3011
3010
3008
3007
3006
3003
2997
2993
2993
2984
2982
2981
2980
2977
2975
2975
2970
2967
2962
2960
2960
2958
2956
2956
2955
2954
2953
2951
2950
2939
2936
2932
2932
2927
2926
2924
2922
2919
2917
2913
2910
2908
2908
2907
2907
2906
2906
2901
2899
2898
2896
2895
2894
2889
2887
2885
2884
2884
2880
2877
2876
2872
2869
2864
2861
2860
2859
2858
2853
2853
2849
2844
2844
2840
2835
2834
2829
2829
2828
2827
2825
2820
2820
2818
2817
2817
2815
2812
2808
2805
2804
2796
2793
2792
2789
2782
2774
2773
2768
2763
2763
2762
2759
2758
2753
2750
2748
2745
2744
2743
2740
2740
2736
2732
2731
2730
2717
2717
2716
2707
2699
2698
2696
2695
2693
2692
2688
2686
2683
2682
2681
2678
2677
2676
2675
2675
2674
2671
2669
2666
2666
2664
2662
2660
2656
2655
2653
2646
2645
2644
2643
2640
2637
2637
2635
2633
2632
2628
2624
2619
2616
2615
2615
2614
2612
2611
2609
2609
2608
2604
2602
2587
2584
2583
2582
2578
2573
2573
2567
2565
2565
2564
2564
2561
2559
2558
2558
2557
2554
2554
2553
2549
2546
2544
2542
2541
2539
2539
2534
2531
2528
2525
2524
2524
2524
2520
2519
2519
2514
2513
2512
2507
2506
2501
2500
2491
2486
2486
2483
2482
2479
2479
2478
2474
2471
2470
2469
2467
2466
2466
2466
2465
2460
2456
2456
2454
2453
2451
2450
2450
2445
2445
2444
2443
2442
2438
2436
2436
2435
2430
2429
2427
2427
2425
2425
2419
2416
2415
2413
2412
2410
2410
2409
2408
2406
2403
2392
2392
2388
2385
2383
2372
2371
2368
2364
2359
2356
2353
2352
2352
2352
2350
2349
2348
2341
2338
2333
2330
2328
2323
2322
2322
2320
2316
2313
2307
2307
2307
2305
2297
2294
2289
2283
2282
2279
2279
2277
2277
2276
2275
2274
2272
2271
2269
2268
2268
2267
2263
2261
2261
2260
2257
2257
2255
2254
2251
2249
2249
2245
2244
2241
2237
2229
2226
2224
2224
2221
2220
2217
2216
2215
2215
2213
2213
2209
2208
2208
2207
2203
2203
2201
2200
2198
2198
2197
2195
2195
2192
2189
2189
2185
2184
2184
2183
2179
2174
2170
2170
2168
2168
2167
2163
2162
2161
2160
2160
2158
2158
2155
2151
2149
2142
2139
2139
2138
2136
2134
2133
2128
2120
2119
2108
2105
2102
2101
2096
2096
2088
2087
2084
2083
2081
2081
2079
2073
2071
2070
2062
2059
2058
2058
2057
2056
2052
2051
2051
2046
2045
2045
2037
2036
2034
2031
2025
2012
2009
2005
2005
1996
1996
1994
1994
1993
1993
1988
1986
1985
1984
1979
1978
1977
1976
1975
1973
1973
1973
1972
1969
1963
1962
1961
1961
1957
1956
1955
1954
1952
1947
1944
1943
1940
1929
1928
1919
1919
1918
1915
1914
1913
1911
1910
1910
1901
1901
1896
1894
1893
1885
1884
1882
1880
1880
1880
1879
1879
1877
1877
1875
1871
1870
1870
1870
1867
1865
1861
1859
1857
1855
1852
1850
1845
1843
1842
1841
1840
1838
1835
1834
1831
1828
1826
1825
1825
1823
1822
1820
1819
1816
1814
1813
1810
1810
1810
1804
1803
1798
1792
1792
1788
1786
1785
1785
1779
1776
1775
1773
1773
1772
1771
1771
1763
1755
1754
1750
1749
1743
1740
1739
1737
1735
1734
1729
1727
1726
1723
1720
1719
1716
1712
1712
1709
1708
1707
1707
1707
1706
1706
1703
1698
1698
1696
1695
1695
1695
1685
1684
1681
1679
1679
1677
1676
1674
1669
1669
1668
1666
1664
1664
1663
1656
1656
1651
1651
1649
1641
1639
1635
1634
1631
1628
1625
1625
1624
1622
1620
1617
1615
1614
1613
1612
1609
1607
1607
1603
1598
1592
1591
1590
1585
1584
1581
1581
1580
1580
1576
1575
1574
1573
1565
1562
1561
1560
1558
1550
1546
1545
1544
1543
1542
1542
1535
1534
1533
1532
1532
1530
1528
1525
1525
1524
1523
1522
1518
1513
1513
1512
1511
1504
1503
1503
1502
1502
1500
1500
1499
1499
1498
1492
1488
1487
1485
1477
1477
1477
1476
1475
1475
1474
1474
1473
1473
1470
1469
1467
1461
1459
1456
1455
1451
1450
1448
1448
1438
1438
1435
1434
1434
1434
1432
1426
1424
1423
1422
1419
1418
1413
1413
1411
1411
1410
1410
1403
1402
1400
1400
1398
1395
1389
1387
1385
1384
1384
1381
1381
1378
1375
1371
1370
1367
1366
1366
1356
1354
1353
1352
1348
1346
1343
1342
1341
1340
1339
1337
1329
1329
1325
1325
1322
1318
1318
1314
1313
1312
1310
1310
1309
1307
1306
1298
1295
1293
1292
1290
1289
1288
1287
1283
1278
1277
1276
1274
1272
1271
1263
1263
1263
1262
1251
1249
1248
1247
1244
1242
1241
1238
1237
1237
1237
1236
1236
1235
1230
1228
1227
1226
1226
1221
1220
1220
1219
1218
1213
1211
1207
1202
1202
1202
1200
1197
1191
1187
1186
1181
1176
1174
1174
1170
1170
1170
1169
1168
1166
1164
1159
1158
1156
1154
1154
1153
1153
1152
1152
1146
1145
1145
1142
1141
1139
1139
1133
1132
1126
1124
1121
1120
1119
1119
1117
1116
1115
1112
1106
1104
1104
1103
1102
1101
1100
1098
1096
1096
1085
1083
1076
1076
1074
1074
1073
1071
1068
1068
1067
1066
1064
1063
1063
1061
1060
1059
1055
1049
1047
1040
1040
1037
1035
1032
1032
1030
1027
1026
1024
1024
1019
1017
1004
1003
